\newcommand \figureone{
\begin{figure}[h]
\centering
\includegraphics[width=0.99\linewidth]{fig/fig1.png}
\caption{An example figure. Source  \url{https://xkcd.com/1403/}}\label{fig1}
\end{figure}
}

\newcommand \tableone{
\begin{table}[t]
\centering
\begin{tabular}{@{}lrrrrrrrrrr@{}}
\toprule
 & \textbf{1} & \textbf{2} & \textbf{3} & \textbf{4} & \textbf{5} & \textbf{6} & \textbf{7} & \textbf{8} & \textbf{9} & \textbf{10} \\ \midrule
\textbf{1} & 0 & $\frac{1}{2}$ & 4 & 5 & 6 & 7 & 8 & 9 & 10 & 9 \\
\textbf{2} & $\frac{1}{2}$ & 8 & 5 & 6 & 12 & 14 & 12 & 18 & 19 & 22 \\
\textbf{3} & 4 & 5 & 10 & 16 & 13 & 12 & 24 & 32 & 21 & 33 \\
\textbf{4} & 5 & 6 & 16 & 32 & 25 & 25 & 29 & 36 & 28 & 48 \\
\textbf{5} & 6 & 12 & 13 & 25 & 50 & 24 & 40 & 45 & 40 & 60 \\
\textbf{6} & 7 & 14 & 12 & 25 & 24 & 32 & 48 & 50 & 72 & 72 \\
\textbf{7} & 8 & 12 & 24 & 29 & 40 & 48 & 42 & 54 & 60 & 84 \\
\textbf{8} & 9 & 18 & 32 & 36 & 45 & 50 & 54 & 48 & 74 & 56 \\
\textbf{9} & 10 & 19 & 21 & 28 & 40 & 72 & 60 & 74 & 72 & 81 \\
\textbf{10} & 9 & 22 & 33 & 48 & 60 & 72 & 84 & 56 & 81 & 110 \\ \bottomrule
\end{tabular}
\caption{Example: Wrong Times Table. Source:  \url{https://xkcd.com/2313/}}\label{tab:2}
\end{table}
}


